0.336957
0.321007
0.322714
0.348368
0.321619
0.363619
0.323177
0.321358
0.327665
0.338104
0.376273
0.326813
0.337291
0.321495
0.328063
0.374289
0.322021
0.323817
0.329748
0.321073
0.322901
0.321678
0.321257
0.320689
0.325293
0.320307
0.330117
0.323825
0.359328
0.321493
0.355682
0.319833
0.32178
0.323046
0.33299
0.334053
0.332319
0.36701
0.338238
0.332621
0.334388
0.347518
0.36664
0.330805
0.376021
0.333611
0.330116
0.368099
0.332594
0.335918
0.379158
0.332403
0.332907
0.357542
0.331772
0.353777
0.331147
0.331047
0.344838
0.329927
0.341388
0.342638
0.328928
0.331892
0.36695
0.342942
0.361781
0.331561
0.330739
0.330822
0.331657
0.331001
0.331462
0.351943
0.33404
0.332451
0.358465
0.383581
0.345465
0.332492
0.349591
0.332683
0.33163
0.366901
0.329687
0.331271
0.33233
0.32985
0.329945
0.330023
0.375862
0.362295
0.362162
0.335857
0.36716
0.3627
0.367075
0.329141
0.330414
0.330775
